seed=5 mode=SEQ_NOT_TRANSPOSED n=100

23.72 25.80 22.76 22.07 25.45 25.01 20.14 20.91 24.73 20.49 23.21 24.87 25.09 21.37 22.26 23.29 21.63 23.87 22.59 21.87 23.74 24.08 27.83 23.62 26.18 24.04 25.25 25.34 22.57 23.96 21.88 26.36 25.37 27.08 24.17 24.45 25.11 25.14 24.86 24.71 24.30 23.98 24.44 24.98 25.07 23.07 26.27 23.24 24.05 22.60 25.43 27.78 23.12 24.42 24.51 22.09 24.09 25.12 23.92 26.04 25.80 22.90 24.25 22.54 24.28 24.51 22.67 24.64 24.80 28.37 23.73 21.33 22.90 27.01 24.23 23.98 23.45 24.48 24.01 23.05 26.63 22.60 23.94 25.00 22.80 21.84 25.66 22.51 25.24 23.44 22.86 28.85 25.93 26.56 26.48 21.13 24.90 23.85 22.14 22.65 
26.89 26.72 25.22 23.50 28.45 24.65 22.77 23.48 24.52 24.13 25.28 25.71 28.38 21.54 23.79 24.64 21.71 25.31 25.72 25.02 25.13 26.53 27.27 26.17 27.17 24.54 27.67 26.02 26.40 28.71 25.90 28.49 26.65 27.33 27.67 25.79 26.93 25.04 25.30 26.77 25.61 27.21 25.14 25.59 27.56 24.48 26.83 26.19 24.47 26.30 26.86 27.22 25.77 25.11 26.14 23.02 25.13 26.00 26.25 27.66 28.98 25.79 27.39 24.49 26.88 27.22 24.22 26.08 26.62 31.78 24.33 20.81 25.24 29.08 25.72 25.64 25.14 27.54 27.17 24.78 26.27 23.60 23.96 26.37 24.83 24.55 28.56 25.55 27.51 26.25 23.31 29.52 28.17 25.90 28.11 23.60 26.72 25.46 22.08 24.95 
27.48 26.78 24.76 24.08 26.64 24.84 22.83 22.94 25.48 23.05 22.98 27.14 26.72 20.91 22.99 24.87 22.52 24.48 23.01 23.80 25.35 24.32 28.19 23.48 28.30 23.27 26.75 26.19 26.17 25.36 23.14 26.57 24.57 26.87 26.74 26.59 24.47 25.07 23.01 25.74 24.85 26.50 26.57 24.67 25.73 22.63 26.16 26.68 22.12 24.90 25.41 27.00 24.91 24.86 23.79 21.99 24.16 24.37 25.20 26.50 27.02 23.06 24.48 24.15 26.11 26.59 23.69 24.23 25.29 29.39 23.31 23.12 23.51 26.68 24.46 24.24 24.08 25.18 26.58 23.87 24.35 24.57 25.42 26.54 24.94 23.03 25.94 22.70 25.26 22.82 23.82 27.77 28.23 25.47 25.62 20.55 24.86 25.15 21.15 22.64 
28.50 28.14 26.02 27.73 29.38 27.47 23.09 24.26 28.82 26.67 25.77 28.29 29.75 23.03 25.34 26.21 23.67 24.29 25.69 27.01 27.48 28.55 30.10 26.71 28.77 25.46 29.07 29.37 27.18 27.73 24.77 29.96 28.69 29.14 29.56 27.06 28.22 28.95 27.26 26.95 27.70 26.98 25.59 27.65 27.55 26.15 30.27 27.86 26.88 25.96 29.68 30.47 26.62 27.07 26.16 25.15 28.25 25.17 26.60 29.96 30.13 26.19 28.37 27.00 28.31 27.39 26.39 27.71 28.86 33.29 26.10 25.76 24.95 30.47 27.00 27.05 26.34 26.31 28.57 26.81 27.57 27.53 26.62 29.34 27.99 26.32 27.94 24.65 28.75 25.60 27.65 29.56 31.85 28.55 30.59 24.54 29.99 28.24 24.18 26.79 
27.28 27.52 25.69 24.49 28.34 25.53 23.76 23.03 26.46 25.21 26.11 27.37 27.78 22.73 23.50 23.87 21.27 24.77 26.40 25.36 26.13 27.24 28.60 23.98 28.30 23.80 27.79 27.03 26.13 27.40 24.74 29.38 24.94 28.58 27.84 26.88 26.76 26.84 24.98 25.99 25.35 26.91 26.91 27.45 27.64 27.77 26.94 27.21 26.43 26.80 27.42 27.98 26.09 25.03 25.60 22.61 25.58 26.79 26.03 27.23 28.77 25.66 26.82 25.92 26.48 27.42 24.99 27.33 28.04 32.51 26.07 23.66 25.17 27.11 27.33 27.26 26.01 27.61 29.13 25.86 26.29 25.81 25.35 26.27 25.64 24.72 28.46 25.17 27.25 26.77 26.88 31.05 30.83 26.62 28.25 23.32 27.66 24.54 22.23 25.62 
27.16 24.25 23.69 22.38 26.69 24.70 22.06 23.96 24.89 22.83 22.91 25.24 26.63 21.08 23.75 22.31 23.33 23.68 25.22 24.96 24.90 26.47 27.56 23.23 27.60 24.11 28.66 25.58 25.27 25.25 24.57 26.78 26.25 26.78 26.06 26.65 26.90 26.15 25.70 25.81 24.02 27.14 25.52 24.48 24.43 22.66 28.42 24.84 23.70 24.02 26.11 26.58 24.62 22.96 25.31 22.37 25.21 24.86 26.04 26.74 25.85 24.51 23.63 24.58 27.61 25.45 24.19 25.92 25.81 31.76 23.35 22.61 24.15 27.81 25.72 25.05 25.99 26.52 27.03 23.25 26.38 24.27 24.48 28.37 25.66 23.91 27.37 24.05 26.51 24.24 24.47 27.68 28.28 25.47 26.51 23.29 26.48 24.30 23.31 23.93 
28.52 28.96 26.29 25.99 28.83 26.58 23.13 24.97 28.28 27.03 25.13 28.32 29.27 23.07 26.44 25.52 23.67 26.48 25.33 26.62 25.60 27.48 29.81 25.88 29.11 24.49 27.66 27.44 26.29 28.17 25.02 30.38 26.21 28.05 28.12 26.94 25.87 28.65 26.80 28.06 28.75 27.76 27.34 25.38 28.36 26.35 30.28 27.97 24.88 26.58 28.09 29.15 25.17 27.04 26.45 23.41 25.70 26.06 27.41 30.02 29.48 25.44 27.65 25.02 27.34 28.87 25.56 28.82 27.84 33.44 27.51 24.86 26.58 29.89 28.27 27.33 25.45 28.37 29.57 26.52 28.25 26.35 25.62 28.79 26.92 25.37 28.56 26.37 30.70 24.90 27.71 30.27 30.31 28.76 28.88 24.71 27.30 27.60 25.45 26.13 
23.88 24.91 22.83 22.99 26.33 24.84 21.00 22.06 23.26 23.87 22.21 24.64 24.29 19.91 23.66 21.03 22.68 23.87 23.56 22.54 23.30 25.73 26.87 22.94 26.16 23.32 25.57 24.95 22.77 26.03 23.99 25.65 24.83 25.56 25.79 24.13 23.92 25.62 24.46 23.83 24.08 25.42 24.66 23.96 24.56 24.25 25.72 25.52 22.06 25.82 26.02 26.87 23.09 22.32 25.25 23.08 23.86 24.47 24.99 24.52 26.10 22.82 24.91 23.56 25.35 24.15 23.72 24.38 24.20 30.15 23.34 23.47 21.54 26.83 24.95 24.91 24.50 24.93 25.00 24.21 24.37 22.10 23.71 25.01 24.23 22.64 27.49 23.20 27.32 23.08 23.78 25.24 25.42 24.61 26.37 20.42 24.60 23.71 22.44 23.28 
25.51 24.35 23.57 22.59 24.29 24.89 20.72 21.43 24.49 24.14 22.03 26.79 25.50 21.58 21.83 22.83 20.46 22.20 22.81 22.43 23.58 25.79 24.50 23.93 24.17 21.97 26.37 24.56 22.51 25.21 21.80 25.26 24.36 26.69 23.72 24.26 23.67 22.73 24.76 24.53 24.87 23.33 23.18 24.89 25.20 24.68 26.64 23.32 23.80 24.61 25.48 25.18 22.83 23.92 23.40 22.06 23.09 22.41 22.45 27.70 26.82 23.36 22.10 20.32 25.82 23.76 22.73 23.65 24.13 29.55 22.68 23.25 20.35 26.80 24.79 23.37 23.28 23.50 24.71 22.70 24.62 21.21 23.04 26.16 22.56 20.34 24.52 22.72 24.64 22.70 25.04 26.26 26.78 26.08 25.64 19.81 25.46 22.21 21.35 22.49 
24.20 25.76 22.09 23.43 26.15 24.33 21.74 21.33 24.17 22.12 22.07 26.23 26.12 20.86 22.55 23.08 21.22 23.32 23.69 23.53 25.35 25.23 24.95 23.22 25.03 24.16 25.67 23.93 23.43 27.07 22.88 26.46 25.38 26.62 25.84 25.97 23.82 24.70 23.98 25.26 24.21 23.68 25.13 24.96 25.03 24.72 26.80 24.20 23.28 23.44 25.88 25.55 25.05 24.15 23.52 23.14 24.32 24.81 24.26 27.04 26.15 23.84 25.05 22.29 24.66 26.26 22.73 25.78 25.47 31.00 25.62 21.26 23.68 27.36 24.30 23.31 23.03 26.06 26.47 23.18 25.33 22.47 22.79 25.18 22.81 22.95 24.58 22.58 25.55 23.36 23.73 28.27 27.78 25.25 27.04 21.88 25.52 23.89 21.29 22.96 
25.39 27.01 24.42 23.14 26.14 26.12 22.29 22.40 24.54 24.75 24.20 25.39 25.98 20.59 22.36 22.48 22.15 22.69 22.40 23.67 23.13 26.43 28.09 23.85 24.56 23.09 26.58 26.84 24.22 25.28 23.28 26.95 24.35 27.71 24.13 24.81 23.72 24.39 26.13 25.65 24.80 25.56 24.97 24.02 26.90 24.27 26.91 24.31 24.42 24.68 26.39 28.19 23.90 25.02 25.45 22.25 24.17 25.23 24.69 26.17 26.12 23.06 25.98 22.33 26.75 24.87 24.46 24.61 25.90 29.09 25.25 21.97 23.81 26.81 25.06 23.34 24.10 25.63 25.40 24.22 24.65 22.65 24.16 25.44 23.10 23.51 26.44 21.68 25.53 24.06 24.39 27.82 26.85 27.33 27.11 23.00 27.68 24.16 23.15 23.41 
22.55 21.90 21.85 22.98 25.01 23.33 19.83 20.21 22.52 22.94 20.56 23.86 23.46 20.23 21.63 20.76 19.59 22.23 21.66 21.56 21.98 24.19 24.00 21.96 22.94 18.83 23.44 24.39 22.00 24.83 21.30 25.56 22.56 23.86 24.98 23.37 22.38 23.21 21.16 21.78 22.35 23.01 22.16 22.38 24.56 22.31 23.98 23.89 22.33 22.58 23.69 23.69 20.29 23.17 23.09 21.46 22.97 19.83 22.68 23.38 23.86 21.85 22.76 21.99 23.28 23.66 22.24 24.60 23.91 27.47 23.48 20.45 20.54 24.47 24.24 23.25 22.17 23.55 24.19 22.25 22.82 22.33 21.05 21.99 22.27 21.81 23.67 21.58 23.85 22.08 21.66 25.29 25.29 23.33 25.63 19.40 23.30 20.99 20.40 22.61 
26.22 27.60 25.36 23.84 27.04 26.30 22.60 22.47 23.79 25.02 23.78 27.71 26.97 21.85 22.96 24.03 22.22 22.83 25.19 25.38 25.83 25.98 27.80 24.26 25.83 23.65 27.52 27.87 25.25 24.48 25.17 25.55 26.64 26.98 26.39 25.76 24.80 25.05 25.07 24.95 24.19 26.26 26.24 25.16 25.79 25.58 26.80 25.87 24.76 25.26 27.00 28.08 24.26 24.36 22.85 22.22 24.52 25.14 24.75 27.16 27.87 23.97 24.87 24.24 26.53 25.01 24.49 25.28 26.00 30.29 24.41 23.10 23.60 26.70 24.20 24.81 23.62 26.14 26.04 25.65 23.35 24.27 23.18 25.04 25.68 23.53 27.40 23.70 26.15 24.87 25.64 28.50 25.87 24.78 28.16 21.17 25.53 23.75 22.20 23.98 
22.07 26.47 22.34 23.31 24.62 24.49 21.99 21.43 22.66 22.35 22.68 25.04 27.11 21.79 22.06 22.53 20.96 23.80 22.43 21.31 22.96 26.09 26.26 23.83 23.82 22.15 24.64 26.12 24.46 25.36 22.97 25.49 25.88 25.60 25.62 24.72 23.59 24.08 22.52 25.35 22.48 23.68 24.35 24.73 24.89 23.63 26.86 24.16 22.04 24.70 25.93 25.13 23.82 24.80 22.03 21.39 24.20 23.59 23.77 24.17 24.93 23.19 24.03 24.10 25.07 27.33 22.86 24.10 25.46 28.58 23.07 21.53 21.82 24.47 25.33 23.65 22.74 23.06 25.54 22.80 23.13 23.58 22.36 25.14 23.99 23.22 24.81 22.29 25.62 22.89 23.41 27.12 26.06 24.30 25.77 20.32 24.57 23.47 20.55 21.56 
25.14 24.63 23.16 23.12 26.29 24.68 21.88 22.25 24.42 23.40 21.82 25.31 25.16 20.76 24.27 23.26 21.96 23.70 22.13 22.07 24.98 25.37 27.61 22.26 26.44 23.05 24.87 25.46 23.86 24.71 22.87 26.37 24.06 24.38 25.98 25.27 23.61 24.49 23.96 23.92 23.91 24.71 25.48 24.51 25.50 22.79 26.39 25.28 22.20 24.21 25.02 25.99 22.92 23.55 24.45 21.40 24.35 23.22 24.46 27.04 26.38 23.16 24.23 23.34 25.11 25.99 22.76 24.50 25.00 29.18 24.14 22.64 23.91 27.46 25.74 24.25 23.28 25.36 24.93 24.24 24.65 23.05 24.87 25.58 23.30 22.67 26.03 22.69 26.32 22.83 24.21 27.22 25.90 25.01 26.40 21.08 25.07 24.75 21.36 22.81 
26.28 28.80 25.57 24.45 29.14 26.95 24.50 25.11 26.00 27.00 26.78 26.81 28.75 22.32 24.18 25.26 25.20 27.41 25.98 25.06 26.35 26.87 30.70 25.41 27.99 24.70 28.61 27.75 27.45 25.98 24.78 29.52 26.99 28.95 29.54 25.83 26.88 26.33 25.77 28.01 26.37 26.66 27.36 25.64 27.46 25.94 27.51 28.37 26.36 26.95 26.45 29.82 26.22 27.34 25.76 24.46 26.08 27.55 26.16 29.41 29.49 26.30 27.96 25.90 27.19 27.19 25.59 26.64 28.16 31.69 26.75 25.93 24.15 30.41 26.92 26.72 24.66 28.08 29.22 25.46 26.47 25.52 23.95 28.03 25.96 25.39 28.51 26.85 28.84 27.20 26.42 29.85 30.41 28.55 27.46 23.77 29.56 25.84 23.38 25.99 
27.44 26.46 24.61 22.84 26.64 24.15 21.66 23.33 24.78 24.79 24.02 26.30 26.37 20.45 24.84 25.04 21.69 23.44 23.64 24.35 25.52 26.02 28.00 24.34 25.77 22.84 25.51 26.76 25.12 24.88 22.51 26.88 24.32 26.92 26.63 25.83 25.48 25.97 24.71 25.54 24.95 26.72 24.62 25.08 27.13 23.06 29.04 24.21 23.71 23.70 25.99 27.44 24.10 23.98 24.83 21.78 25.04 23.75 24.08 27.49 27.76 23.70 25.59 22.71 25.02 25.67 22.67 24.27 25.90 29.98 24.50 24.47 22.19 27.63 24.32 25.01 23.17 26.27 26.02 23.80 24.28 23.74 23.66 26.12 24.43 22.59 26.76 23.81 27.11 25.21 26.09 28.15 27.89 27.65 27.11 21.65 26.93 24.23 22.73 23.10 
26.17 25.86 23.43 22.94 26.54 24.55 20.98 22.19 23.95 24.86 23.74 26.52 26.81 20.88 22.38 22.74 21.74 23.77 23.42 23.90 24.98 24.64 26.74 22.41 26.11 22.87 26.34 25.71 24.93 23.80 23.21 27.34 24.72 25.05 26.43 25.40 25.49 24.58 25.39 24.45 26.23 27.00 24.54 25.13 25.54 22.68 25.54 26.27 25.03 23.95 24.82 27.19 24.51 23.17 23.87 22.42 25.03 25.55 24.26 27.89 26.83 23.56 25.16 23.24 26.99 23.25 22.66 23.87 25.03 29.52 23.53 22.63 22.96 27.03 26.46 24.04 24.74 26.00 26.32 23.68 25.01 23.44 22.01 25.11 24.43 22.29 25.79 23.98 26.32 23.48 25.21 27.78 26.63 25.74 26.23 21.03 27.14 24.56 22.10 22.92 
24.11 23.56 22.84 23.92 25.48 24.68 20.13 21.28 24.87 22.98 22.01 23.85 24.76 20.52 22.67 22.08 18.33 23.51 22.76 23.16 21.81 24.47 26.26 22.96 25.30 23.53 23.84 23.31 22.50 25.98 22.63 25.48 23.40 25.19 24.57 23.84 24.10 22.39 23.75 22.43 25.00 22.62 22.69 24.36 25.81 24.35 26.11 23.68 24.22 22.69 24.19 25.40 21.70 23.12 24.67 20.88 24.33 22.37 22.50 25.09 25.11 21.67 25.15 22.49 24.74 24.98 22.46 25.11 22.41 27.16 24.02 20.25 22.30 25.19 23.79 21.83 23.74 23.37 24.83 22.21 24.12 22.80 22.56 22.84 20.90 22.42 24.07 22.12 26.07 25.11 22.84 26.22 27.73 24.81 27.13 21.26 24.95 24.15 20.76 22.96 
25.99 26.36 24.04 24.76 27.19 23.31 21.13 22.98 24.26 25.11 24.28 24.51 26.43 21.55 23.57 23.44 21.18 24.41 24.03 22.86 24.31 26.48 28.51 24.95 26.96 22.69 26.56 25.87 24.54 26.80 25.24 27.67 26.35 26.11 27.86 26.04 25.10 25.63 24.00 24.54 25.76 27.35 25.41 25.18 27.13 25.91 27.07 25.89 24.61 27.15 26.23 26.70 24.60 23.74 24.34 21.17 24.72 24.82 25.30 26.81 27.89 23.68 24.43 25.17 25.06 26.02 22.59 24.90 25.33 31.33 25.17 23.74 22.12 28.08 26.31 26.08 25.30 25.77 27.19 25.89 24.84 23.61 23.66 25.08 24.59 23.97 27.75 24.94 27.40 25.23 25.60 28.16 30.00 25.06 26.87 22.73 26.96 25.33 21.31 24.87 
27.88 29.28 25.29 25.93 29.59 26.28 23.05 23.20 27.31 25.78 25.73 28.84 28.18 22.37 26.00 25.43 24.81 25.55 26.76 25.50 26.39 28.41 28.78 25.46 28.98 25.62 28.09 29.49 26.51 27.89 25.08 28.17 27.98 29.29 27.41 26.78 26.57 27.93 26.51 27.67 25.25 27.57 26.51 26.80 29.17 24.99 28.99 27.81 26.37 26.39 26.46 29.42 25.71 27.03 26.56 24.60 26.11 26.79 27.36 29.79 28.20 24.68 27.37 25.56 28.68 28.22 25.18 27.42 27.20 31.55 26.61 26.19 24.88 29.20 25.82 26.95 25.37 27.64 26.80 25.07 26.15 25.88 24.83 27.86 27.59 23.86 27.42 25.37 29.67 26.86 26.74 29.60 29.66 28.17 28.27 22.43 27.37 26.14 23.02 23.59 
27.35 28.69 26.00 26.89 28.55 25.83 22.32 23.14 28.25 24.51 25.04 27.43 28.51 21.51 24.49 26.31 23.02 26.98 23.99 25.45 26.44 27.48 29.61 26.29 27.34 25.28 27.65 26.98 27.47 27.13 25.57 27.89 26.65 29.09 28.15 27.78 27.31 26.91 26.68 28.13 27.85 27.67 28.54 26.09 27.87 25.44 29.61 25.73 25.75 27.05 27.91 31.00 25.66 26.54 25.66 24.33 25.13 25.17 27.79 29.67 26.97 24.59 26.25 25.41 27.28 26.83 25.27 27.60 27.54 32.77 26.70 24.15 25.10 29.10 26.14 28.26 26.47 27.49 27.43 23.92 25.43 25.42 24.06 28.00 25.97 24.54 28.04 25.11 27.04 25.35 25.48 28.99 29.87 28.06 27.21 24.10 27.05 24.61 23.29 25.66 
25.25 24.68 24.04 24.82 27.78 24.96 21.01 21.30 24.68 24.88 23.57 26.91 26.05 20.81 22.05 23.71 22.21 23.19 23.46 25.26 24.35 25.66 28.37 23.58 25.78 20.87 25.90 27.04 25.41 24.18 24.83 26.91 24.76 25.39 26.92 25.61 25.93 24.21 25.76 25.27 25.08 25.52 25.08 24.71 24.22 23.22 26.39 26.53 24.23 23.54 25.62 27.39 23.24 25.84 23.97 23.13 25.21 24.32 24.74 27.47 28.13 23.92 24.29 25.20 25.27 24.77 23.34 24.80 25.77 28.30 23.58 23.66 22.33 27.92 26.03 24.29 24.49 25.45 26.56 24.01 24.73 24.92 23.80 26.11 25.11 22.69 25.37 22.91 27.51 23.06 24.70 28.35 29.07 25.73 27.12 21.53 26.97 24.83 21.84 24.43 
27.81 28.32 25.46 25.70 27.97 26.86 23.12 24.23 25.00 26.54 25.23 28.18 28.45 22.88 24.49 24.31 24.11 27.14 25.72 25.74 26.23 28.07 29.50 24.77 28.20 23.98 28.14 27.48 26.59 28.45 25.12 29.10 26.41 28.53 28.66 28.24 26.47 26.49 26.11 27.42 26.52 28.28 27.98 26.69 26.87 27.25 28.79 28.26 25.97 25.80 27.20 28.48 25.29 26.45 26.63 25.24 27.32 25.47 27.30 28.29 28.40 26.72 26.20 26.68 28.47 27.96 24.66 26.40 26.45 33.84 26.23 24.21 24.13 29.54 28.15 26.14 25.34 28.84 30.03 27.64 25.53 25.22 27.58 26.91 26.07 25.54 28.14 26.39 28.44 26.70 27.37 30.09 29.14 27.29 30.50 22.97 27.24 26.28 24.60 25.91 
26.18 28.87 25.44 26.58 28.92 27.60 23.87 23.99 25.91 25.67 25.56 28.05 28.74 22.29 25.76 25.50 24.90 23.82 24.04 25.07 25.38 27.54 29.64 25.30 28.16 24.70 26.80 27.79 25.76 28.20 24.46 30.59 25.36 29.93 27.99 26.26 26.91 26.83 26.03 27.59 25.87 27.39 25.23 28.02 27.09 26.31 28.55 25.61 25.87 25.39 28.47 27.79 26.70 27.23 26.55 23.79 25.99 27.39 26.11 28.15 29.00 25.24 26.16 24.82 26.71 28.02 25.37 27.00 26.06 30.92 25.69 25.52 24.48 30.13 27.10 27.01 26.48 27.36 28.28 25.77 27.21 25.42 26.13 28.33 25.93 23.16 27.12 25.40 29.06 24.77 26.89 30.94 29.38 28.08 29.42 23.52 27.89 28.50 24.63 25.12 
24.19 26.89 23.96 22.40 26.85 23.83 20.09 20.39 23.96 21.94 21.69 22.57 22.38 19.32 22.03 21.14 20.97 23.67 22.14 22.57 23.60 25.62 27.14 22.72 26.18 23.73 23.64 25.13 22.64 24.01 22.98 25.50 25.37 24.75 26.40 24.46 23.61 24.43 23.31 24.53 23.18 23.38 22.72 23.30 24.30 23.71 24.70 23.96 22.75 23.29 24.27 26.40 22.64 23.29 23.06 20.87 24.12 23.86 22.86 23.37 23.64 23.21 24.08 23.08 23.63 23.91 21.86 24.24 25.32 27.54 25.17 21.52 21.68 26.71 22.98 22.93 23.43 26.34 23.64 24.24 22.20 20.95 22.50 24.27 22.54 22.15 26.06 23.98 26.75 24.59 24.99 25.52 26.39 24.29 24.95 21.30 24.95 22.47 20.51 21.58 
26.42 25.98 22.39 22.13 26.04 22.72 20.58 21.51 25.21 22.16 20.60 24.57 24.69 20.57 22.50 22.54 18.89 22.09 23.16 23.41 24.13 23.57 25.27 21.62 26.46 21.98 25.29 25.37 23.07 25.00 22.48 24.88 23.20 26.92 24.61 23.94 24.66 24.13 23.93 24.52 23.58 24.81 25.06 24.79 26.29 23.69 25.10 25.06 22.92 24.20 24.48 24.86 22.59 22.42 23.65 20.97 22.15 23.05 23.71 26.33 25.73 23.65 24.60 21.96 24.16 23.36 22.00 25.58 23.47 28.69 24.50 22.10 22.32 26.74 23.89 24.25 23.10 25.32 24.78 22.80 23.61 23.15 23.61 25.61 23.70 21.64 24.53 23.20 24.82 24.01 24.67 27.07 26.73 24.91 24.14 19.83 24.26 22.88 20.98 24.00 
23.45 26.57 23.32 24.29 23.94 22.72 22.43 21.00 24.60 23.93 23.31 24.65 26.14 20.51 22.36 22.70 20.69 22.72 23.79 23.55 21.76 23.38 26.86 23.64 24.82 22.05 25.63 25.37 24.64 23.28 24.62 24.17 24.10 25.76 25.55 23.73 22.80 24.52 22.26 24.29 25.74 24.23 22.84 23.54 25.09 22.59 24.73 25.72 22.65 24.31 23.95 28.40 23.55 23.68 22.46 21.95 23.40 22.57 23.45 24.93 26.55 23.02 25.54 23.02 25.82 24.84 22.67 23.08 27.60 29.05 24.07 22.18 22.00 25.87 24.11 23.40 21.64 23.31 23.49 22.43 24.38 24.27 20.87 23.47 23.03 22.39 23.26 22.82 25.39 23.91 23.55 25.92 24.97 26.04 25.74 19.71 25.28 22.42 20.19 21.14 
25.36 27.07 23.75 24.74 27.62 25.48 21.55 23.14 24.47 23.63 22.67 24.88 26.87 21.85 24.45 23.70 23.42 23.85 22.96 24.43 26.25 27.23 28.52 23.94 25.64 22.91 26.31 25.90 24.29 25.09 24.52 26.45 25.28 27.01 26.55 26.28 24.80 26.74 23.67 23.98 24.90 25.22 26.11 25.16 25.72 25.71 25.94 25.69 23.82 25.94 27.50 28.55 24.14 25.09 25.09 22.50 23.97 22.67 23.60 27.48 25.84 23.85 24.57 22.94 25.61 24.83 24.60 24.18 25.94 30.39 24.89 23.65 23.22 27.44 25.78 25.71 23.75 24.96 25.94 24.72 24.85 24.48 25.05 26.01 26.21 24.55 26.19 23.48 26.29 24.49 24.84 27.06 27.97 26.98 26.63 22.84 25.94 24.66 23.08 23.88 
28.37 27.05 27.38 25.52 29.23 27.35 24.39 25.29 27.51 26.48 26.56 29.83 28.91 23.38 25.93 24.51 23.28 26.60 25.75 26.02 27.21 28.05 29.57 26.42 27.33 26.31 30.60 29.26 28.08 28.07 26.29 29.05 28.19 28.72 27.20 28.23 27.20 26.39 26.78 27.87 27.75 29.05 27.84 27.15 28.62 26.10 31.27 29.32 24.02 27.90 29.12 29.71 27.92 26.44 27.28 24.91 28.43 26.24 28.40 29.20 29.94 27.03 28.45 26.88 28.26 29.03 24.61 27.69 28.91 34.33 26.39 23.61 26.74 29.72 29.35 27.31 26.57 28.49 29.87 26.82 26.41 27.45 27.02 28.28 26.89 27.23 29.54 25.39 29.83 24.76 27.07 30.15 30.11 28.31 30.39 25.40 28.93 28.14 23.72 24.93 
27.58 28.59 25.38 24.88 26.70 26.62 24.77 24.48 26.47 25.43 25.20 28.51 28.28 22.19 23.34 25.06 21.86 24.88 26.26 25.33 26.51 29.12 27.69 26.46 27.61 23.94 29.45 27.86 25.93 28.05 25.33 28.28 26.78 27.79 28.29 25.86 25.61 25.89 24.90 27.13 26.43 28.49 27.10 26.63 26.70 25.60 28.68 27.64 25.00 26.47 27.22 27.47 25.91 26.19 25.79 23.19 26.44 27.46 25.70 26.85 28.47 24.75 27.05 25.96 26.79 26.60 24.86 25.75 26.84 30.20 26.38 23.93 24.45 28.59 27.82 25.14 25.74 27.13 28.63 25.99 26.76 25.19 25.03 27.28 26.54 23.91 28.06 24.56 26.63 25.87 26.30 29.92 29.48 28.40 28.89 22.48 27.53 26.37 23.82 24.88 
23.78 24.50 22.39 22.76 25.93 23.34 19.90 20.68 22.64 21.31 22.01 24.50 25.56 20.15 21.40 21.97 21.20 22.52 22.94 22.00 23.11 24.48 26.13 22.49 26.12 21.68 24.05 23.34 22.93 24.84 23.40 24.58 23.23 24.47 23.17 24.11 23.27 24.08 22.78 22.26 23.23 23.48 25.28 22.54 24.45 24.29 24.91 23.57 21.78 24.35 24.63 24.99 22.13 23.83 23.85 20.73 21.95 22.77 24.11 24.70 23.97 21.82 23.70 21.61 24.83 24.34 21.06 23.87 23.46 29.25 21.07 22.75 22.82 25.72 23.55 24.48 23.85 24.34 25.42 22.70 23.58 21.59 22.36 23.91 24.31 21.37 25.09 23.00 24.63 23.61 22.46 26.01 26.53 22.78 24.50 20.15 23.31 22.90 20.44 21.49 
24.04 26.06 23.36 21.86 25.51 23.25 22.43 21.81 21.34 22.54 23.07 23.02 25.29 18.98 21.52 22.53 20.05 23.09 21.78 22.70 21.98 23.83 28.35 21.96 23.86 22.15 25.45 25.02 24.15 23.83 21.91 26.49 22.87 24.50 25.49 24.24 22.69 23.53 23.16 24.84 23.04 25.61 24.93 22.46 23.03 25.04 23.91 24.94 21.53 24.55 24.29 26.52 24.36 21.66 23.21 21.79 22.96 24.39 24.57 23.83 24.44 23.18 23.80 23.14 23.79 24.43 22.41 25.35 24.24 28.17 22.49 21.91 22.28 26.14 24.49 23.31 22.66 25.67 25.80 23.40 21.50 21.32 22.71 24.73 23.92 22.20 24.68 23.47 25.53 24.22 24.08 25.76 25.49 24.51 24.61 19.53 24.62 23.10 21.34 23.05 
25.01 25.63 23.13 21.69 25.25 23.21 20.58 20.98 24.17 21.76 21.77 24.86 24.55 19.45 21.19 22.26 19.37 21.94 22.87 22.15 22.15 24.17 28.36 20.57 25.20 21.95 23.83 25.05 22.86 24.29 22.51 24.01 22.14 24.85 24.84 23.75 23.79 23.98 23.31 24.23 23.62 24.26 23.67 23.37 23.34 23.43 25.05 23.13 23.10 23.22 22.88 24.90 22.67 22.19 22.43 21.47 24.67 21.96 23.42 24.25 24.71 22.18 23.15 23.28 22.52 22.65 22.78 22.32 23.38 26.85 23.22 21.33 21.42 24.78 23.79 20.49 23.23 24.02 23.32 21.58 21.70 21.53 21.30 22.73 21.02 20.77 23.99 21.31 22.69 23.00 23.71 26.90 26.25 24.48 25.49 17.49 24.02 21.89 19.34 21.52 
22.70 22.58 20.03 18.78 24.25 21.16 20.95 19.95 20.78 21.77 21.70 21.33 24.14 17.79 20.29 20.10 19.61 21.33 22.36 19.29 20.12 23.16 24.63 21.82 23.40 20.25 23.98 22.86 22.21 22.96 22.16 23.71 21.44 23.79 22.82 22.32 21.21 23.41 19.51 22.02 21.21 23.26 22.40 21.47 21.67 22.27 24.13 23.29 21.03 21.51 22.28 24.62 21.13 21.48 23.42 18.40 20.25 22.35 23.28 21.48 24.04 21.98 21.95 21.82 23.03 22.19 21.12 24.50 21.88 27.55 21.24 19.20 20.45 24.02 22.80 21.25 20.24 23.04 22.94 20.99 22.54 22.04 20.88 23.15 22.81 20.92 24.61 21.92 22.67 21.43 22.12 23.99 24.29 22.38 22.10 20.45 23.32 21.83 18.96 20.33 
27.59 27.55 24.69 23.61 26.90 25.59 23.11 22.06 24.95 24.60 24.53 27.43 29.74 22.71 23.29 24.25 23.01 24.19 23.93 25.62 24.76 26.42 26.84 24.30 27.25 21.92 26.91 26.72 26.43 26.70 23.87 29.05 26.27 29.91 26.04 26.14 26.02 24.79 25.07 27.88 25.19 26.25 25.13 26.57 26.23 25.34 26.32 26.74 25.44 23.67 26.06 26.61 26.35 25.23 26.05 23.12 25.02 26.05 26.40 27.83 27.84 25.29 25.68 24.48 28.27 27.68 23.83 26.68 26.70 31.23 24.02 23.91 23.44 28.57 26.14 26.47 23.31 26.50 27.29 22.75 26.23 25.65 24.61 26.70 25.64 24.15 26.18 23.78 26.51 25.02 26.28 28.96 30.20 26.95 26.58 21.51 26.65 26.56 24.25 23.39 
25.00 24.33 21.93 20.62 24.64 22.49 20.88 21.86 21.32 22.77 23.20 23.56 23.08 19.45 21.22 20.61 21.32 21.96 23.46 22.56 21.42 23.46 25.09 23.36 23.79 20.92 25.96 23.42 22.27 24.00 23.43 24.87 23.72 24.77 24.30 24.67 23.82 24.50 22.16 23.07 21.16 25.10 23.76 23.48 23.88 23.64 25.63 22.84 21.94 21.27 23.91 24.15 22.75 23.18 22.67 19.36 21.63 24.21 23.13 25.57 26.50 21.50 23.10 22.59 24.37 23.79 20.36 24.13 23.61 27.72 22.30 21.13 22.08 24.71 24.18 21.97 22.81 23.84 25.57 21.92 23.64 22.26 22.00 23.50 23.47 21.91 26.68 22.59 25.20 23.43 22.91 25.91 27.26 24.48 24.62 21.16 23.87 23.34 20.84 20.41 
25.84 25.81 22.05 22.12 24.18 24.06 18.83 21.71 23.59 23.51 21.47 25.26 26.05 21.55 21.67 22.51 21.04 22.92 22.63 22.70 21.97 25.20 25.42 21.62 24.62 21.32 24.47 25.95 23.89 24.99 19.85 25.55 25.02 27.27 24.31 22.89 23.64 24.92 23.00 24.86 25.15 25.82 24.22 23.57 23.96 23.44 25.60 23.42 22.44 23.38 22.94 26.52 22.34 22.59 24.27 20.67 22.25 22.90 24.83 24.46 25.64 22.31 22.49 22.58 24.39 23.91 23.11 23.33 22.95 30.06 22.62 22.24 20.97 25.83 24.54 25.19 22.93 22.85 23.58 22.61 23.71 22.78 23.54 24.67 24.35 20.61 25.42 22.60 25.65 22.80 23.55 26.33 26.44 25.92 23.52 20.04 23.63 22.18 23.03 23.30 
23.50 23.70 21.63 21.17 22.21 21.40 18.28 18.94 22.09 22.14 18.92 22.76 23.19 18.84 20.79 20.80 19.35 19.52 20.83 20.05 20.99 23.31 23.81 21.18 23.23 21.76 22.58 23.49 22.31 22.17 19.45 23.94 22.75 23.83 24.07 22.36 22.16 22.60 22.05 21.56 22.16 22.18 21.71 22.38 23.08 21.45 23.96 21.29 22.54 21.28 23.34 24.79 21.53 20.11 20.86 20.28 20.66 21.74 20.57 23.77 24.06 21.26 22.57 20.42 22.22 21.12 20.82 22.71 23.63 27.25 23.44 20.12 20.41 24.26 22.29 21.86 22.22 23.06 22.24 22.00 21.45 20.59 20.12 23.01 21.56 20.10 22.33 22.18 23.66 21.06 21.54 24.81 23.42 23.13 23.85 20.15 23.75 21.29 19.76 19.95 
24.86 24.95 20.94 23.23 22.90 22.81 21.70 21.71 22.51 22.18 22.30 24.85 25.30 20.28 21.13 22.70 19.91 22.63 23.00 21.73 22.36 23.99 26.31 23.22 23.69 21.96 26.14 24.42 23.06 24.82 21.61 24.83 23.40 24.29 24.61 25.12 23.82 24.06 21.93 24.56 23.10 23.63 24.60 23.71 24.28 23.40 25.43 23.61 22.74 24.05 24.64 25.24 23.07 23.38 24.06 21.14 24.28 23.80 23.94 25.92 25.10 21.80 24.07 22.35 23.99 23.80 21.13 23.80 23.03 27.24 23.64 21.91 21.89 25.15 24.43 23.16 24.03 23.89 23.83 23.03 23.88 24.55 23.60 24.56 24.03 20.95 25.87 22.44 25.19 22.32 24.01 25.99 26.39 25.41 26.44 20.47 25.85 22.23 20.96 24.88 
26.30 27.26 24.79 24.38 28.17 27.04 21.34 24.29 25.74 23.54 24.12 26.21 26.57 21.74 22.89 23.31 22.12 26.44 23.93 24.21 26.22 27.73 28.12 25.83 27.37 23.78 28.01 25.63 25.68 26.34 23.68 27.24 26.27 27.75 26.00 27.19 26.37 25.41 25.15 25.78 26.52 26.40 26.08 25.63 27.58 24.64 28.28 25.98 24.00 26.62 26.54 27.58 23.89 26.16 23.43 22.65 25.57 24.68 25.25 27.62 26.33 23.29 26.53 24.01 27.83 25.73 23.24 26.61 24.42 30.50 25.08 21.99 24.23 27.33 25.61 24.36 25.90 25.70 27.96 24.78 25.53 24.44 25.59 26.42 25.19 23.22 27.74 25.59 27.63 25.69 23.78 28.77 27.74 26.26 27.22 23.65 27.61 26.44 21.02 24.23 
25.65 25.78 22.55 23.93 25.65 24.16 20.35 21.68 23.99 24.30 21.84 23.94 26.20 20.91 22.93 23.34 22.07 23.97 22.78 23.19 22.80 25.87 25.46 24.40 24.47 22.62 26.38 23.54 24.66 26.00 22.16 25.78 23.84 27.88 24.02 26.02 23.35 25.03 23.87 25.88 26.22 24.52 24.98 22.80 24.42 23.85 27.10 24.89 22.86 24.11 25.86 25.67 23.11 22.91 25.13 22.02 24.20 24.14 24.08 26.81 25.51 23.16 23.18 22.77 25.43 24.56 21.73 24.66 23.28 31.33 25.09 22.59 21.88 26.75 24.76 24.43 23.48 23.75 26.10 22.51 26.17 23.39 23.33 25.07 23.77 23.43 26.56 24.02 26.06 23.15 24.11 26.88 27.70 26.28 26.05 22.29 26.07 24.46 23.24 23.28 
27.35 27.11 24.69 22.96 29.19 25.54 24.19 22.47 25.13 25.39 23.30 25.19 28.16 22.15 24.23 24.25 22.48 24.59 25.48 22.76 24.64 27.09 29.26 26.44 27.27 24.04 27.87 27.87 25.97 27.22 27.04 29.74 26.83 28.66 27.16 27.17 27.74 25.98 25.55 28.55 24.26 26.11 25.72 26.59 27.58 26.24 28.56 26.74 25.87 24.96 28.02 28.89 24.81 26.49 25.91 22.81 25.38 26.11 26.85 29.34 28.43 26.31 25.40 24.19 27.32 28.36 25.27 26.35 26.74 31.09 25.18 22.68 23.46 28.50 25.98 27.03 24.36 25.30 27.78 25.14 26.40 24.68 22.93 27.45 25.76 23.47 27.23 26.28 27.02 25.52 26.82 29.39 30.24 26.84 27.26 23.10 26.72 25.86 22.93 23.27 
25.54 24.69 23.05 23.32 25.48 23.30 20.65 21.30 25.39 23.46 23.04 24.67 25.85 20.60 21.96 23.69 20.39 20.41 22.50 22.91 24.35 24.47 25.84 23.44 25.43 21.10 25.43 25.25 22.55 24.51 22.32 24.50 23.58 25.13 23.81 23.48 23.68 25.18 24.54 24.29 24.40 24.26 24.11 24.49 25.33 22.84 26.02 24.71 23.97 23.91 25.74 25.76 21.57 23.67 23.15 21.31 23.73 23.25 23.84 27.01 25.68 21.98 23.22 22.36 24.22 22.71 22.47 23.35 23.30 28.15 23.53 23.10 21.83 25.74 23.89 24.19 24.23 23.08 24.54 24.70 25.12 22.26 22.93 24.81 24.27 21.66 25.97 22.98 24.76 21.61 24.19 27.03 26.49 24.95 26.53 21.32 24.58 24.51 21.59 23.62 
27.68 30.34 26.55 27.03 26.62 27.06 23.49 24.08 26.26 24.38 25.28 28.89 29.45 23.40 24.54 25.94 23.26 24.08 25.45 26.79 24.42 27.65 29.51 25.66 28.73 23.81 28.25 28.46 27.72 27.69 25.03 27.69 27.44 29.00 27.50 27.22 25.82 25.38 27.13 27.04 26.41 27.01 26.36 26.41 26.43 26.12 26.18 25.93 25.34 26.03 26.53 27.51 25.56 25.94 25.92 24.55 26.11 27.48 26.88 28.24 28.91 24.86 26.27 26.34 28.19 26.20 24.54 27.42 28.39 30.10 26.51 24.54 25.70 29.35 26.59 26.27 28.33 27.54 27.14 26.55 25.63 24.46 25.60 26.92 25.72 23.12 27.45 25.34 26.67 26.89 24.57 29.43 28.43 27.92 29.16 22.60 26.92 27.21 24.46 25.61 
25.75 24.29 22.55 21.15 26.36 22.64 20.01 20.25 21.62 23.74 22.50 24.12 24.60 19.33 22.17 21.52 21.78 23.53 20.44 22.64 21.86 24.07 28.17 22.49 24.91 21.48 24.27 23.96 24.12 22.34 22.47 26.30 24.17 24.43 24.41 24.51 23.58 22.05 23.13 22.76 23.31 25.10 23.07 23.56 23.46 24.19 24.12 23.98 22.67 23.17 23.84 27.92 21.97 22.82 23.70 20.62 22.31 24.10 23.49 25.11 25.23 22.63 23.22 21.94 23.69 23.75 20.91 23.05 23.50 27.21 21.83 20.88 21.97 26.58 23.31 23.78 22.58 25.02 24.67 22.71 22.95 21.77 22.01 23.19 21.94 21.47 25.45 23.00 25.64 24.47 24.43 25.59 26.77 24.12 25.14 20.60 24.54 23.18 20.58 22.20 
24.88 24.12 23.67 22.10 27.63 23.53 20.95 21.13 23.86 23.76 21.84 24.92 24.37 19.32 24.15 20.41 22.37 25.18 22.69 21.15 23.55 23.76 26.33 23.30 25.75 23.24 25.34 24.37 24.33 24.66 22.76 26.39 23.50 25.39 24.63 24.89 24.60 24.58 23.91 25.17 22.69 24.86 24.54 21.44 25.21 23.41 26.08 23.03 22.19 23.84 24.75 25.37 23.46 21.77 23.63 22.47 23.78 24.02 24.85 25.22 25.38 24.22 24.25 23.23 25.73 25.00 22.66 25.09 24.28 30.72 24.00 22.55 22.21 27.37 24.48 22.97 22.46 25.37 25.48 23.55 24.45 21.81 22.60 24.05 23.32 22.59 26.21 24.28 26.95 23.27 24.14 25.91 27.15 24.82 26.33 20.66 25.47 22.26 20.44 20.98 
23.85 25.41 22.47 21.38 24.97 22.37 21.01 20.45 22.85 22.58 22.50 24.95 25.79 21.40 21.89 21.31 19.89 21.70 22.90 21.01 22.03 23.95 26.52 21.37 26.23 22.35 25.18 24.72 22.82 24.43 22.46 23.46 24.02 24.87 24.50 23.72 22.72 23.03 21.71 23.79 22.28 24.57 22.54 23.02 23.01 23.35 25.29 24.79 23.07 23.80 25.02 25.69 23.99 22.77 23.65 21.32 23.20 23.91 23.09 25.09 24.95 22.43 22.33 23.14 23.12 23.49 20.41 23.82 24.38 27.26 22.06 22.72 22.13 25.02 25.07 23.54 21.22 24.71 25.21 23.25 22.85 21.99 21.25 24.89 23.56 22.31 24.75 23.36 25.48 21.84 23.69 25.92 27.06 23.50 25.41 18.75 23.07 23.77 19.87 21.24 
26.76 27.59 23.50 24.79 24.71 23.88 21.90 21.72 25.55 22.19 24.75 26.41 26.84 21.16 22.89 24.18 20.66 24.15 23.57 23.37 23.52 25.57 25.91 24.64 26.14 23.97 26.73 25.45 24.33 26.17 22.88 24.93 26.32 27.32 24.30 23.94 23.50 24.34 23.63 25.87 25.27 25.55 23.86 24.24 25.36 24.95 26.22 25.05 22.54 25.03 25.71 26.92 23.90 23.54 23.86 23.41 23.35 25.85 23.73 26.10 26.45 23.80 25.52 23.65 25.85 25.71 22.17 24.56 25.21 30.28 23.89 22.15 22.02 27.68 24.07 24.57 23.40 24.24 25.32 25.17 24.51 23.30 24.58 25.38 24.11 22.95 25.03 23.37 26.37 24.77 24.00 27.98 27.19 27.28 26.39 20.59 26.46 23.87 22.33 22.95 
24.64 26.16 22.21 23.72 25.76 23.53 22.14 22.58 25.11 21.97 22.78 25.11 26.61 19.93 23.48 22.90 21.74 22.03 24.33 22.70 24.73 24.60 27.27 23.13 25.20 23.25 25.67 24.68 23.24 24.86 23.60 25.82 23.92 27.33 26.61 24.53 23.61 25.04 23.78 23.29 24.34 23.93 24.91 23.49 27.18 22.86 25.59 24.85 22.77 23.38 24.71 26.55 24.40 23.60 23.18 23.66 24.05 23.94 24.34 27.65 27.84 21.87 25.64 22.77 25.32 24.23 22.92 24.77 26.71 29.54 25.45 22.65 23.75 27.35 24.32 23.49 23.98 25.09 24.34 24.10 26.27 23.49 22.43 24.17 22.53 22.25 25.00 22.18 25.20 23.56 22.66 28.53 26.41 25.23 27.14 21.79 26.60 24.38 19.53 23.31 
28.14 26.94 23.92 24.70 25.21 23.56 22.13 22.35 23.33 24.41 22.12 25.30 26.81 22.18 21.90 24.05 22.30 22.81 25.41 23.43 23.50 25.75 28.81 23.34 25.75 23.52 26.40 25.63 25.76 26.04 23.62 28.08 24.90 26.62 26.37 26.53 23.87 24.59 23.76 26.02 24.56 25.87 26.26 23.45 25.26 25.65 25.65 26.19 23.10 24.63 27.70 27.43 23.39 25.15 26.01 23.11 24.19 25.74 25.47 25.97 27.40 24.71 24.53 24.03 26.51 27.48 23.47 24.61 26.05 28.14 23.44 23.06 23.25 28.07 25.88 25.95 24.02 25.96 26.22 23.66 24.20 24.08 24.09 26.07 24.61 23.08 25.13 25.25 26.71 24.16 25.12 28.81 29.38 24.99 27.19 20.66 26.04 23.57 21.56 24.93 
23.05 23.42 21.48 20.91 21.40 21.50 20.00 20.24 21.54 19.66 21.81 23.73 23.50 19.06 20.50 18.94 17.80 20.53 21.12 20.09 20.44 22.48 23.15 21.60 22.63 20.22 24.74 21.43 21.61 21.63 20.61 24.16 21.59 22.19 23.09 22.63 20.70 21.02 20.23 22.02 21.89 21.59 19.75 19.63 22.13 21.92 23.32 22.33 19.91 21.59 24.78 22.56 21.36 20.40 19.68 19.02 22.85 21.34 20.21 23.23 23.89 19.87 21.84 19.89 23.93 21.39 20.33 20.96 23.57 27.37 19.98 19.01 19.48 22.74 21.94 21.43 20.93 22.44 24.20 21.70 21.91 21.13 19.60 22.32 20.40 20.17 22.06 21.30 22.95 21.55 21.50 23.20 22.75 22.35 24.37 18.00 23.14 20.39 18.33 20.39 
23.49 26.76 24.86 24.20 26.96 25.88 21.92 22.62 24.47 23.46 24.02 24.74 26.05 21.00 23.63 23.42 22.52 24.35 23.79 23.29 24.27 26.29 29.19 24.05 27.85 24.82 25.44 26.37 25.24 24.65 23.28 26.66 25.09 26.79 25.78 26.01 25.30 26.03 23.24 25.94 24.65 25.11 26.32 24.84 25.31 26.16 27.18 25.27 23.18 26.09 26.35 28.65 24.33 23.38 24.96 22.37 24.41 24.84 25.92 26.53 25.76 23.39 24.19 23.65 25.61 26.23 23.69 24.88 25.31 30.39 24.06 23.72 23.46 27.17 25.78 25.06 23.47 25.22 26.78 24.89 24.54 23.04 24.71 26.62 24.49 24.16 26.75 24.66 27.98 24.09 24.02 27.66 26.82 26.01 27.53 22.53 26.20 24.19 22.56 23.36 
26.91 26.84 24.57 25.07 27.02 25.08 21.67 22.62 26.15 24.32 24.24 26.85 27.72 21.55 25.33 25.08 21.53 25.51 24.15 24.65 24.78 25.62 27.97 25.78 27.05 23.85 27.40 25.59 25.10 26.61 24.43 28.30 25.84 26.72 27.95 26.82 25.87 24.63 26.01 26.02 26.10 26.24 25.97 26.36 27.22 25.10 28.54 26.79 25.80 25.82 26.73 27.33 23.89 25.36 23.10 23.29 25.99 25.60 24.76 29.35 27.51 24.07 25.96 24.56 26.56 26.61 24.60 25.61 25.28 31.03 26.07 24.20 23.35 28.26 26.12 28.39 25.52 25.96 27.88 25.25 26.23 24.11 23.49 26.31 25.25 23.44 26.46 25.95 27.84 25.23 26.37 29.55 28.03 25.69 29.35 21.69 25.42 25.63 22.00 24.54 
25.18 26.00 22.96 22.76 27.55 23.53 22.95 23.81 24.52 25.19 23.77 26.08 26.64 21.26 24.02 22.36 21.87 24.97 25.31 21.56 24.13 26.52 28.12 24.28 26.80 24.10 26.90 26.09 24.76 25.29 23.78 26.38 26.20 26.95 25.97 25.50 25.54 25.18 23.20 25.48 24.05 26.01 25.49 26.06 25.79 24.24 28.53 24.69 24.22 23.94 26.54 28.15 24.90 24.35 24.91 21.65 24.09 25.65 25.83 26.82 26.92 23.35 25.66 23.50 24.88 27.16 22.43 26.19 26.59 31.07 23.79 22.95 23.39 25.69 25.40 24.44 23.31 25.60 26.98 24.22 26.27 23.63 24.10 24.81 25.26 23.66 26.46 23.02 26.10 24.41 24.54 28.25 28.85 26.29 27.16 23.02 26.70 24.80 20.34 23.40 
24.15 25.80 22.11 22.74 25.64 24.66 23.02 21.97 23.71 24.21 23.23 25.40 27.21 20.83 21.98 22.39 21.46 23.49 23.58 23.56 22.82 25.79 26.51 22.33 25.92 21.74 25.31 26.04 24.47 24.73 23.29 25.73 24.39 25.29 25.24 24.70 24.08 25.65 24.64 25.09 24.01 25.02 25.65 24.72 23.64 23.21 26.89 24.60 24.26 23.50 23.46 24.55 24.28 23.70 23.59 20.71 24.08 24.46 24.95 25.45 25.61 22.86 24.26 24.06 26.43 24.39 23.84 24.27 24.03 30.00 24.16 22.36 22.12 26.32 24.48 22.39 24.37 24.50 26.96 22.91 25.05 23.35 24.64 25.48 24.92 21.96 26.21 21.47 24.05 23.53 25.18 27.84 26.44 25.51 24.66 20.33 25.64 23.12 22.24 22.97 
23.72 24.26 22.62 21.10 23.94 23.17 19.78 20.47 23.48 23.39 22.97 22.65 24.29 19.24 21.92 21.10 19.94 24.65 21.52 20.57 21.03 24.04 23.52 22.72 23.95 21.23 25.71 23.33 22.93 23.37 20.63 25.30 22.31 24.71 23.31 23.59 23.55 22.65 21.83 24.78 22.01 24.18 23.65 23.58 23.06 23.45 25.69 24.13 22.91 23.26 23.53 25.16 20.85 23.12 23.19 20.11 22.94 24.38 23.60 23.97 24.43 22.16 24.23 22.60 24.77 24.77 20.81 23.77 22.81 28.12 23.14 20.36 20.91 23.50 23.36 24.68 21.51 24.16 25.98 20.73 24.49 22.55 22.62 23.33 23.62 22.08 23.49 20.51 23.19 23.51 24.74 26.21 27.32 24.43 24.61 20.42 24.00 22.77 20.51 21.44 
23.61 23.37 21.56 21.17 22.58 22.91 20.47 20.66 22.24 21.67 21.77 23.47 25.26 19.09 21.19 20.43 19.05 21.18 21.77 21.12 21.80 24.36 24.39 22.10 22.95 20.04 23.62 23.48 21.91 24.08 21.34 24.34 22.44 25.24 23.04 20.96 21.77 21.88 21.29 23.38 22.12 22.33 22.07 22.74 23.46 22.12 24.35 24.69 21.90 22.59 24.29 23.03 21.07 23.16 22.91 20.04 22.78 22.06 21.62 24.01 23.34 22.28 23.11 20.74 23.16 23.76 22.41 21.61 22.47 26.34 21.27 20.43 19.75 23.88 24.97 23.39 21.90 22.81 22.83 22.02 22.21 22.81 21.82 23.76 22.82 20.94 22.93 21.21 23.57 20.36 23.33 26.02 24.94 23.71 25.33 18.87 23.91 21.99 20.06 21.71 
27.33 29.93 25.20 25.81 30.28 27.51 22.95 25.19 26.92 27.56 26.30 28.24 28.60 23.76 25.46 25.50 23.80 27.13 26.25 25.00 26.89 28.19 30.44 26.43 27.38 25.37 29.82 28.26 26.90 27.60 24.65 29.73 27.29 30.31 28.84 26.80 27.68 28.65 26.31 28.47 26.81 28.54 27.19 27.20 29.38 26.64 29.02 26.58 25.81 26.01 28.01 31.88 27.14 26.55 26.47 24.33 27.92 26.15 27.64 29.49 29.58 25.11 27.19 26.13 28.23 27.81 24.37 27.61 27.22 34.10 26.34 25.47 25.12 28.54 27.27 27.53 26.61 27.26 28.22 26.85 28.39 25.39 25.76 27.66 27.61 23.23 30.13 25.99 29.87 26.78 27.82 30.55 29.84 28.70 28.12 24.88 27.51 27.37 25.13 25.89 
25.91 27.66 23.88 24.08 25.90 24.96 21.65 23.25 25.15 24.17 24.15 26.53 26.94 20.55 24.15 23.00 22.41 24.36 24.89 24.59 24.46 26.61 29.34 23.64 27.12 23.99 26.46 25.31 24.70 26.64 25.59 28.13 25.41 27.31 26.54 26.58 25.62 28.51 23.76 25.43 26.37 27.35 25.15 24.88 25.91 23.17 26.96 25.63 23.69 25.07 26.65 29.61 25.49 25.79 25.82 22.50 24.99 23.46 25.31 26.06 27.28 23.92 25.34 24.36 25.92 25.82 24.37 25.70 27.00 31.02 24.44 22.32 23.69 27.47 26.21 25.17 24.04 26.21 25.86 23.82 25.59 24.72 24.88 27.24 24.74 22.07 27.84 23.01 27.49 24.05 24.98 28.01 26.75 26.35 26.27 22.20 26.40 25.22 22.58 24.67 
25.34 25.69 23.36 24.14 25.91 23.44 21.22 23.02 24.26 23.76 23.45 24.77 25.99 19.46 23.23 22.62 21.08 23.77 23.17 23.30 25.08 24.70 26.23 24.05 25.90 23.08 25.88 25.17 23.98 24.98 23.07 24.93 24.76 26.75 26.08 25.18 23.49 24.17 24.34 25.00 23.84 26.98 24.08 25.50 25.51 23.72 27.23 24.13 24.03 25.83 26.83 26.42 23.33 23.09 23.60 22.28 24.45 24.49 23.02 25.37 27.31 23.15 23.81 22.99 25.13 25.36 23.89 23.66 23.71 28.74 22.93 22.33 22.79 26.90 25.88 24.83 24.55 24.58 26.99 24.46 24.25 22.34 23.99 25.46 24.54 21.62 25.48 24.61 25.03 22.79 25.69 27.75 27.15 25.92 26.94 21.87 26.25 23.44 20.30 23.12 
26.77 27.12 24.49 23.31 28.31 27.04 22.01 22.77 24.53 23.36 25.44 25.99 27.17 21.69 24.54 24.54 22.79 25.61 24.57 24.21 26.28 26.69 29.21 24.37 29.06 24.66 26.40 26.57 26.01 26.77 25.49 27.23 26.14 27.12 28.44 27.14 26.51 25.45 24.82 27.20 24.18 25.72 25.59 25.02 26.02 26.02 26.29 26.24 24.40 27.01 27.08 28.02 24.59 25.36 25.75 22.87 25.60 24.89 24.56 27.12 28.42 23.85 25.58 24.82 27.44 26.04 24.41 24.66 24.70 30.47 24.60 22.98 23.38 28.99 26.63 25.27 25.87 27.06 27.11 23.59 25.37 24.08 25.31 27.99 25.49 23.93 28.26 24.70 26.96 26.34 26.32 29.24 29.40 25.69 26.55 21.23 27.23 23.49 21.84 23.22 
24.85 24.10 23.10 22.87 24.25 26.18 22.20 21.47 23.84 24.11 22.90 25.23 25.96 20.74 22.56 22.69 19.97 23.07 23.78 22.01 22.75 24.78 24.41 23.18 25.07 22.89 25.85 25.54 22.58 26.08 22.44 26.01 23.40 25.43 25.22 22.81 24.00 23.36 23.86 25.32 25.41 23.78 23.64 23.24 25.28 23.64 26.83 23.49 24.31 23.89 24.47 26.03 22.45 23.82 24.96 21.54 23.44 23.98 23.99 26.37 26.26 23.80 24.57 22.32 26.32 25.22 23.04 25.53 24.50 28.71 24.73 23.61 20.83 26.42 24.99 22.87 23.25 23.61 24.97 22.27 23.23 22.39 22.10 24.79 23.01 21.39 24.62 22.86 25.83 23.85 23.33 27.01 27.16 26.27 25.86 20.22 27.23 21.88 22.09 24.09 
26.82 28.02 24.21 24.55 28.43 26.01 21.87 23.40 26.99 25.57 23.35 26.25 27.75 21.73 24.99 23.99 22.50 24.50 24.00 25.41 25.37 26.74 28.75 25.04 26.80 25.23 27.19 28.06 27.91 26.01 24.06 27.68 27.06 29.09 26.98 26.22 27.00 26.41 27.69 26.20 25.36 26.25 25.95 26.06 28.48 25.24 28.10 25.56 25.63 25.66 26.19 28.46 24.84 25.20 25.74 23.23 24.98 25.16 25.78 29.75 28.17 23.00 26.42 23.86 27.39 25.07 24.24 27.06 25.54 31.61 26.70 23.46 23.24 28.23 24.77 26.11 26.28 26.87 26.70 25.80 24.50 23.77 24.49 26.40 26.57 24.16 28.21 25.96 28.33 24.68 26.39 28.32 28.08 26.80 27.32 23.69 27.27 25.18 23.46 23.95 
24.13 25.09 22.38 22.96 24.76 23.74 19.63 20.92 23.99 21.79 21.92 24.62 22.80 19.11 20.91 20.78 19.38 21.99 21.81 22.37 22.93 25.90 26.40 22.57 25.04 23.28 23.99 23.85 23.01 24.02 20.95 24.30 23.79 26.19 23.31 24.25 23.68 22.84 22.36 23.07 23.90 24.04 23.41 23.57 24.53 22.61 26.99 22.07 22.05 22.98 24.30 25.93 22.57 22.01 22.57 20.29 23.50 22.18 22.07 24.20 24.39 20.67 22.50 22.52 22.23 23.36 22.12 23.22 23.14 27.59 23.27 19.83 20.73 24.32 24.36 23.13 21.35 22.35 24.04 22.16 21.13 21.77 21.23 23.22 21.52 22.76 25.19 21.16 24.59 20.81 23.28 25.89 25.97 24.71 25.79 20.86 25.49 22.34 18.82 20.86 
25.86 26.72 23.63 24.76 27.22 23.60 22.95 24.22 23.65 23.59 22.55 24.89 26.79 20.34 23.92 23.63 20.03 23.23 24.20 23.11 23.12 25.44 27.74 23.34 25.73 23.84 26.87 25.80 24.15 25.10 24.08 25.79 24.88 27.24 26.17 25.15 24.24 23.59 24.42 24.93 24.94 26.41 24.88 23.49 27.76 24.41 26.72 22.92 23.58 24.39 26.91 27.88 24.52 23.89 24.99 21.41 23.98 25.95 25.36 26.14 25.96 24.54 26.62 24.28 27.15 26.67 23.38 25.80 24.55 28.70 24.25 23.15 23.40 28.00 25.46 24.78 25.04 25.73 26.47 23.41 23.76 22.61 23.52 25.29 23.19 23.63 24.38 24.19 24.79 25.29 23.76 28.09 27.80 26.79 26.46 20.41 27.31 24.14 21.58 23.33 
27.63 26.45 24.96 24.82 29.63 26.91 21.90 23.98 26.49 26.39 22.58 27.23 26.58 21.40 25.45 24.99 22.28 25.56 24.88 24.92 25.99 27.01 27.62 24.10 28.04 23.78 26.39 27.84 26.90 26.81 23.83 27.57 25.86 28.58 25.95 25.92 26.32 25.42 26.73 27.75 26.52 25.28 25.17 25.42 27.36 23.64 27.35 24.60 25.06 25.19 25.75 26.44 24.96 24.96 26.25 22.16 25.77 24.90 25.25 28.98 28.65 24.74 26.23 24.72 27.35 26.95 24.35 26.11 24.28 31.83 27.04 23.27 24.91 28.65 26.44 24.37 25.69 25.82 27.43 24.05 26.13 24.34 26.30 27.19 25.68 23.41 27.28 24.93 27.41 26.20 24.79 30.19 29.92 27.44 26.91 22.56 28.18 25.47 22.77 24.51 
23.41 25.24 23.56 23.96 23.83 24.97 20.04 20.95 23.40 22.25 21.17 26.25 26.58 19.35 21.17 22.85 20.97 21.51 22.30 23.77 23.20 24.05 25.78 22.84 25.21 20.51 25.68 24.80 22.30 23.40 23.26 23.67 23.84 24.50 25.10 23.87 24.11 24.06 22.50 23.03 23.00 23.04 24.21 24.59 25.06 23.11 25.58 23.97 22.95 22.72 22.98 25.93 23.31 23.68 21.19 21.84 23.97 21.81 23.16 25.37 25.50 21.71 23.26 22.53 23.90 23.04 23.05 22.57 24.44 29.07 23.51 20.49 20.36 24.70 23.74 22.41 23.38 23.93 25.37 24.35 23.11 22.58 23.30 24.09 24.48 21.59 23.32 20.88 23.88 21.94 22.62 26.68 24.42 25.41 25.98 21.69 23.83 22.99 20.99 21.39 
24.61 26.66 23.15 22.09 26.65 24.27 21.31 21.83 23.57 22.96 23.21 26.08 24.76 20.64 21.98 22.11 21.11 23.45 23.04 23.03 23.64 24.81 26.43 22.89 27.27 22.99 25.91 26.53 24.39 24.66 23.44 26.90 26.88 26.15 25.20 26.36 25.88 24.67 24.67 26.03 24.81 25.02 23.38 25.19 23.75 24.12 26.19 23.72 23.89 25.05 25.42 25.92 24.10 24.29 23.19 20.74 23.95 25.32 24.29 26.04 26.51 23.01 23.88 23.65 25.35 24.35 22.31 24.47 24.81 27.79 23.89 21.89 23.57 27.47 25.60 23.88 23.69 24.40 26.60 22.29 24.36 22.77 23.35 25.70 23.20 22.34 26.16 24.16 24.34 23.43 24.98 26.99 28.93 25.23 25.66 21.29 24.84 23.82 21.49 22.42 
25.50 24.93 22.52 23.38 23.41 25.46 21.35 22.86 22.57 23.62 21.66 24.65 27.05 20.66 20.66 22.70 20.63 22.42 22.61 21.82 22.54 25.14 24.94 23.18 24.95 21.49 26.38 24.20 23.73 24.87 20.63 26.94 24.90 25.14 25.69 24.15 23.01 22.92 23.09 24.01 24.11 24.46 23.65 23.88 23.57 24.07 24.97 23.11 23.32 24.06 24.81 25.24 22.84 22.43 24.01 21.38 23.67 25.55 23.32 25.18 25.66 22.62 23.79 22.72 26.33 23.43 23.49 24.53 23.72 28.12 23.92 22.73 22.06 25.50 24.48 20.82 24.59 24.20 26.12 22.04 24.03 21.87 23.13 25.42 23.73 21.56 23.71 22.28 24.86 24.73 23.12 26.69 26.81 25.95 25.62 20.11 27.18 23.06 22.98 23.66 
30.23 30.41 26.61 25.75 29.42 27.08 24.74 25.14 27.65 26.30 25.90 28.67 28.69 22.15 25.21 27.28 24.85 26.14 27.79 25.55 28.06 28.74 29.20 27.17 30.00 24.55 29.41 28.41 27.20 29.50 27.13 29.30 27.75 28.85 30.11 28.87 26.72 28.74 27.01 27.90 26.36 29.31 29.60 27.17 28.27 26.16 30.36 27.46 26.88 27.24 27.18 27.14 26.85 27.93 25.64 24.25 26.24 26.87 26.62 29.52 31.23 26.61 27.54 28.37 28.73 28.98 24.98 28.22 28.59 33.83 27.83 26.19 25.89 30.89 27.88 26.66 27.39 28.92 29.57 27.23 27.77 24.69 26.53 28.65 28.74 24.83 29.88 26.61 28.15 26.55 27.77 31.34 31.50 27.67 27.93 23.45 29.18 27.53 23.33 24.85 
27.29 26.73 23.62 23.43 24.55 23.97 22.87 21.11 25.02 24.10 24.43 25.19 26.20 21.36 23.09 22.50 21.20 24.51 23.16 24.02 25.13 24.59 27.84 22.97 26.76 22.59 25.42 24.51 23.69 23.61 23.02 26.15 23.35 26.06 26.01 24.93 25.33 25.08 25.29 24.52 25.84 26.06 24.09 25.72 26.50 23.82 24.59 24.97 23.38 22.64 25.76 27.44 23.87 23.03 24.27 22.66 24.82 23.42 22.53 26.77 28.92 22.47 25.51 22.77 24.83 24.32 23.75 23.50 24.98 28.50 24.24 22.35 22.00 27.02 24.82 25.13 23.92 24.03 25.10 24.97 25.42 24.85 23.57 24.54 24.43 22.15 25.39 23.26 26.56 23.06 26.14 28.22 27.25 26.82 26.24 22.08 27.22 24.09 23.19 23.47 
24.86 23.40 21.88 21.56 25.15 23.04 20.73 21.43 23.30 22.11 23.05 23.58 25.33 19.22 23.63 21.33 21.94 23.22 24.25 22.17 23.88 24.52 26.10 22.87 27.00 22.89 24.29 25.06 23.28 24.30 23.35 26.00 24.26 24.93 25.07 22.92 24.02 24.23 22.71 23.64 23.36 24.98 24.02 23.23 24.10 21.92 25.13 24.34 23.12 22.69 26.23 26.17 21.70 22.22 24.94 21.73 23.68 23.83 22.92 24.59 25.77 22.60 22.97 22.75 23.56 24.55 23.28 23.83 22.80 26.89 23.64 19.75 21.72 27.04 25.52 24.23 23.17 24.76 25.93 22.40 24.87 22.87 23.12 25.79 24.37 21.54 26.40 23.71 25.22 22.97 23.84 26.67 26.74 25.11 25.48 22.47 24.72 22.65 20.85 22.80 
30.87 30.77 27.89 27.58 31.18 27.81 24.12 26.45 29.84 27.43 27.18 30.25 29.38 23.77 25.66 26.51 23.93 26.90 26.31 26.70 27.77 28.35 31.26 26.28 29.28 25.10 30.96 30.24 27.88 29.76 26.96 29.89 27.82 30.45 29.87 27.67 28.25 27.16 27.61 28.35 27.89 28.89 27.62 27.27 29.94 26.68 30.47 28.76 27.11 28.03 29.63 30.58 28.11 27.80 26.45 25.38 28.63 27.41 28.06 30.34 30.61 27.09 30.45 28.76 28.68 28.67 26.02 28.66 29.06 33.48 28.20 26.27 26.22 31.26 28.82 27.50 28.20 28.75 30.28 27.95 27.89 26.86 27.32 28.68 27.80 26.00 29.93 25.75 28.96 27.28 28.11 31.36 33.11 29.57 29.70 24.20 30.06 29.19 23.59 27.56 
28.32 27.76 26.96 25.01 29.02 25.63 22.89 24.94 26.86 26.34 24.82 26.79 27.94 22.09 25.00 24.40 23.55 25.40 25.76 25.80 25.62 28.12 28.86 26.15 28.04 24.13 28.67 27.46 26.03 28.07 24.89 27.71 26.31 28.85 29.63 27.45 25.62 27.00 27.20 26.50 28.93 27.34 26.09 25.60 28.25 26.74 28.83 27.75 25.30 25.97 28.07 29.21 24.60 24.44 26.82 24.37 27.48 26.71 27.61 28.76 29.11 25.43 26.07 27.11 29.44 26.64 26.36 26.41 27.35 34.33 26.55 23.81 24.25 29.26 28.05 26.03 26.63 27.76 28.47 26.83 26.80 25.37 25.07 26.49 24.92 26.00 28.13 26.70 28.43 26.01 25.94 30.04 29.32 28.11 29.06 23.47 27.12 26.59 24.84 25.09 
26.39 28.21 24.63 25.91 28.56 26.16 23.52 22.68 26.38 25.76 24.25 27.22 28.12 23.13 24.75 24.92 22.90 25.13 24.50 24.65 25.78 27.55 29.28 25.98 27.39 24.02 27.31 28.43 25.91 27.86 25.76 27.91 27.00 28.10 28.75 26.35 26.11 26.60 26.14 27.32 25.32 27.25 26.04 25.85 27.12 26.84 28.66 26.47 26.77 26.38 27.87 28.30 25.77 26.15 25.77 24.01 25.43 26.79 25.51 28.62 28.78 24.92 25.96 26.23 27.35 26.62 24.88 26.98 27.22 31.05 28.15 25.19 24.16 29.54 26.96 25.90 26.04 27.52 27.55 26.07 26.53 25.21 24.93 27.81 26.35 22.97 27.37 26.01 27.96 27.43 26.44 30.66 30.38 27.98 27.89 23.85 27.16 25.41 22.97 25.09 
25.93 25.98 23.96 23.66 26.19 26.84 22.21 24.51 24.78 23.92 23.02 25.47 27.92 20.89 24.03 24.88 22.14 25.33 25.00 25.63 24.33 27.12 29.68 23.99 27.85 24.01 27.58 25.41 24.56 26.23 24.69 26.77 25.08 25.78 27.68 25.46 24.75 25.32 25.30 25.26 25.78 26.15 28.03 24.74 25.59 24.57 28.16 26.37 25.03 25.67 24.60 27.36 23.84 23.42 24.51 23.09 25.82 24.13 25.44 26.66 26.82 23.44 24.57 25.61 24.71 26.00 24.80 25.34 24.48 29.98 25.60 23.28 23.35 28.20 26.28 25.68 26.13 25.92 28.52 23.33 25.17 23.69 24.56 27.22 26.07 23.08 27.05 23.95 25.43 25.11 25.51 28.57 27.43 26.08 27.18 21.97 25.36 25.61 22.78 23.76 
26.81 30.12 26.22 26.30 29.33 27.33 24.57 25.10 27.19 25.90 26.33 29.22 28.86 24.80 27.45 25.48 23.64 26.57 26.31 27.50 26.11 30.93 32.24 27.72 29.33 25.96 29.35 29.57 27.06 28.55 26.54 30.73 28.75 29.36 28.66 28.73 27.59 28.10 27.89 29.36 28.12 29.46 26.96 27.22 27.63 26.66 28.93 27.42 27.13 26.90 28.92 30.29 26.49 26.92 27.54 25.65 27.20 28.18 28.34 29.43 29.88 25.70 28.55 26.44 28.61 28.81 26.20 28.44 29.48 32.08 27.64 25.41 27.10 31.18 27.45 27.70 27.79 28.35 28.84 26.63 28.84 26.41 28.39 28.60 26.43 23.72 29.18 25.42 29.97 29.38 27.08 30.99 29.19 29.95 30.52 22.97 29.19 28.38 24.71 26.60 
24.66 23.73 23.57 21.50 26.61 24.91 20.90 21.81 23.19 23.93 23.76 24.86 25.29 19.89 24.03 22.59 22.55 23.41 22.20 23.83 24.27 25.08 27.40 23.14 25.77 22.83 27.08 24.49 23.20 24.11 22.67 26.19 24.33 25.75 23.63 22.77 23.73 25.23 25.00 23.81 25.53 25.32 23.04 22.73 25.09 23.99 25.55 23.87 23.26 23.47 25.07 27.30 23.51 22.55 23.71 21.91 23.68 24.30 25.68 27.86 27.34 23.33 23.99 24.45 24.36 23.58 23.50 25.58 24.98 29.94 24.82 22.00 23.25 27.22 25.63 24.04 23.66 25.40 25.21 23.97 23.17 23.86 23.31 25.03 23.73 23.13 27.16 23.31 26.17 23.66 24.31 27.00 24.99 25.82 26.40 20.85 25.66 24.40 22.40 21.83 
23.07 25.63 21.95 22.00 24.98 24.16 20.79 20.81 23.39 21.88 21.43 24.21 24.02 20.84 23.16 22.29 19.72 23.91 23.29 22.13 22.95 22.45 26.16 20.18 25.82 22.78 24.09 22.97 20.66 23.34 22.68 23.81 23.28 24.01 24.47 23.29 23.41 23.97 22.03 24.83 23.16 22.33 22.86 23.20 22.97 23.38 24.94 24.82 22.16 24.74 23.57 26.19 23.36 23.31 23.22 22.54 23.24 22.00 21.89 23.93 23.98 22.28 23.53 21.73 22.67 24.14 20.47 23.69 24.35 27.71 22.35 21.35 21.53 25.57 24.86 24.81 22.74 23.63 24.84 21.29 23.28 21.76 23.88 25.32 24.26 21.99 24.21 22.75 24.33 22.21 25.79 26.15 25.74 24.34 24.02 19.18 23.26 21.40 21.07 21.87 
26.77 27.43 25.00 25.16 27.93 26.27 22.21 24.88 25.77 26.16 24.96 28.14 28.26 21.69 26.49 23.53 23.65 25.82 24.96 26.62 23.24 27.16 28.85 24.26 27.84 25.11 28.20 27.51 24.56 26.24 25.11 27.05 26.54 27.84 27.47 26.45 26.10 25.58 26.48 26.75 26.36 26.79 24.92 26.17 26.82 26.82 28.47 26.32 26.06 26.34 27.04 29.64 25.81 26.25 26.29 23.82 25.86 25.88 26.38 27.74 28.44 25.61 25.92 24.63 28.88 27.87 24.68 27.06 26.81 31.52 24.89 24.00 25.64 28.36 28.29 27.62 26.57 28.09 27.54 26.34 26.47 24.54 26.43 27.18 25.53 22.57 27.43 25.70 27.76 26.54 27.80 29.72 28.20 27.95 28.57 23.82 25.48 25.25 23.19 25.15 
28.66 30.65 25.51 26.15 28.64 26.42 23.91 24.51 27.14 25.18 24.12 27.30 28.05 22.45 25.32 25.31 23.18 25.33 26.67 24.90 25.23 26.36 30.76 26.08 26.56 25.88 29.80 28.97 26.57 28.45 25.81 27.85 27.84 28.95 28.14 26.66 25.23 27.30 25.88 27.27 25.36 27.78 26.84 25.97 27.68 26.20 28.75 27.02 25.18 28.18 27.95 28.52 27.67 26.04 25.24 23.50 25.39 26.19 25.82 27.64 28.28 25.44 26.47 25.23 27.27 26.99 25.10 27.21 28.33 31.62 27.31 22.14 25.72 29.20 27.36 25.28 25.53 27.67 27.83 25.99 25.51 23.94 25.63 27.64 26.95 23.81 28.22 25.69 28.10 26.59 26.12 30.26 29.16 28.83 27.02 22.42 27.92 25.02 21.18 26.00 
26.29 27.45 23.33 24.15 26.18 25.56 20.70 22.79 25.87 24.34 21.77 24.35 27.23 20.64 24.77 23.17 20.24 22.71 23.93 24.96 23.19 26.11 27.07 25.62 25.74 22.84 27.21 26.60 24.57 25.75 22.86 26.80 25.73 28.39 25.10 24.79 25.13 25.94 23.54 25.82 25.26 25.89 23.12 25.46 26.41 23.50 27.91 25.00 24.25 25.84 25.30 27.04 24.82 23.80 23.08 21.42 23.05 22.99 22.94 26.59 26.75 21.85 25.39 22.44 26.05 25.66 23.11 23.76 26.18 27.82 23.44 23.23 21.61 27.13 24.51 25.54 23.53 22.74 25.48 21.81 24.76 23.61 24.65 26.18 26.60 20.88 25.92 23.58 25.19 23.43 25.22 26.93 28.34 26.10 25.12 21.62 25.92 24.90 20.44 23.21 
26.13 27.66 25.30 26.26 27.16 26.69 22.20 24.43 26.97 25.91 24.24 26.33 26.95 21.31 25.27 24.34 23.47 26.40 26.09 25.44 25.12 27.99 28.10 25.32 28.01 24.60 27.98 25.36 25.35 27.81 25.19 28.04 26.02 29.10 26.81 26.69 25.82 25.47 26.24 25.24 26.11 25.89 26.49 26.41 26.53 25.64 28.69 26.72 25.53 25.71 26.23 27.63 25.38 25.70 27.40 23.46 26.36 24.26 23.15 27.80 29.02 26.67 26.48 24.40 25.69 26.46 23.77 26.25 24.87 31.72 24.88 21.91 24.14 29.85 25.69 25.66 25.01 26.90 28.67 24.07 28.04 23.27 25.95 28.04 24.55 23.40 27.87 24.54 27.42 26.53 26.40 28.52 29.16 28.83 27.29 23.98 27.26 25.79 23.51 25.16 
28.28 28.02 25.06 26.31 27.34 26.30 22.48 24.56 25.80 26.48 25.01 27.23 28.57 22.10 25.16 25.96 22.91 25.22 25.62 24.62 25.22 26.17 28.82 25.33 27.40 23.17 27.12 27.15 26.77 28.04 25.99 28.41 26.60 28.24 26.50 27.25 26.11 27.02 26.15 27.52 27.41 28.19 28.37 25.62 26.56 25.13 29.11 26.41 25.06 25.56 27.07 28.70 24.95 25.17 25.52 24.91 25.58 25.37 27.03 29.99 28.73 26.00 25.61 26.98 27.43 27.02 23.11 25.90 27.70 31.55 24.59 25.60 24.12 28.87 27.12 27.19 25.60 25.41 27.26 24.57 26.19 24.87 25.71 25.88 25.42 23.57 28.70 23.03 25.25 24.95 25.16 29.48 30.47 27.78 27.76 21.84 27.83 27.39 24.17 25.45 
25.31 24.27 23.28 21.29 25.03 22.42 21.48 22.18 22.76 22.50 22.68 24.26 24.97 19.71 22.42 21.24 20.44 22.39 23.04 22.41 21.86 24.59 26.05 23.57 25.97 21.15 25.93 24.84 23.65 25.05 23.96 24.41 23.23 26.00 24.61 24.48 23.07 21.65 21.63 25.04 22.22 24.00 22.56 23.97 23.64 23.28 24.70 24.28 21.32 23.65 24.55 25.89 22.00 23.84 24.96 20.74 22.95 23.31 22.99 24.50 25.79 24.31 23.38 23.37 25.00 24.20 21.65 22.95 24.22 27.94 22.04 21.51 22.27 25.76 25.28 23.93 22.46 24.32 25.28 21.42 23.57 22.44 22.34 24.02 22.04 22.56 24.46 22.72 24.02 23.39 22.91 24.50 28.47 25.18 25.45 20.20 23.99 22.59 19.72 20.96 
23.71 24.81 22.85 22.08 25.75 22.67 20.79 21.29 21.98 23.52 22.75 25.34 27.51 20.78 22.33 21.35 20.00 23.45 22.58 23.29 22.33 25.52 25.72 23.36 23.77 20.67 24.51 25.03 24.77 24.24 22.80 25.78 23.01 24.95 25.52 24.60 25.40 23.25 22.29 24.25 22.84 24.93 23.22 24.51 23.69 24.09 24.39 23.45 22.11 24.07 24.41 25.18 23.20 23.75 23.44 21.17 23.23 24.84 23.76 24.52 25.58 24.52 23.74 23.57 24.91 24.59 21.70 24.27 24.22 28.51 21.99 21.79 21.86 26.21 24.88 23.98 22.94 24.85 25.04 22.05 24.71 23.09 22.16 25.07 23.09 21.21 24.07 22.45 26.33 24.99 23.60 26.94 26.83 23.78 25.88 19.37 24.88 22.17 19.44 23.20 
24.44 25.12 21.44 22.48 24.55 23.04 20.45 21.42 23.30 23.76 22.07 24.96 25.15 19.89 22.38 21.67 20.52 24.10 21.90 22.52 22.73 24.63 24.93 20.90 25.12 23.04 24.27 24.40 24.28 23.90 23.46 25.05 23.55 24.51 23.38 23.43 23.45 22.81 23.49 25.21 24.61 24.13 24.36 22.27 23.12 22.23 25.87 23.92 22.27 23.52 24.10 25.39 23.39 22.75 24.61 20.66 23.34 23.15 24.38 25.68 25.18 21.85 23.31 23.93 24.29 23.88 20.73 22.97 22.26 27.42 23.92 21.41 22.03 26.29 25.24 23.75 23.16 23.58 25.58 20.61 23.78 23.20 22.87 24.27 23.49 21.48 24.63 22.16 24.01 22.70 24.79 25.33 27.16 25.09 24.76 20.11 23.81 23.28 21.48 20.89 
29.21 29.25 25.05 25.62 27.87 26.34 25.24 25.06 26.08 26.82 26.96 28.87 30.05 23.39 25.83 25.42 23.12 26.15 27.17 26.60 26.98 26.63 29.66 24.59 28.59 25.46 29.20 29.44 27.78 26.44 25.98 29.94 26.47 26.40 28.88 26.12 27.27 27.38 26.45 27.03 26.45 28.80 28.61 27.83 27.10 26.54 28.49 28.44 25.21 27.35 27.06 29.89 27.14 25.17 26.54 24.79 27.24 28.70 27.05 28.39 29.69 25.66 28.07 27.14 28.20 27.80 25.18 27.37 27.87 32.66 26.55 24.16 25.38 29.36 28.65 26.52 26.36 29.61 29.98 24.79 26.74 26.74 25.49 27.95 27.69 24.46 28.05 26.29 29.92 26.95 28.86 29.80 29.43 27.47 28.73 23.38 29.56 26.55 24.20 25.41 
26.14 25.45 23.26 21.65 26.23 24.43 21.08 21.78 24.61 23.34 22.27 26.32 25.72 19.90 22.90 21.92 21.93 24.86 22.85 23.81 23.26 26.24 25.50 24.13 24.05 21.39 25.62 24.54 23.20 24.43 22.50 27.74 22.65 26.93 25.53 24.91 24.20 23.72 23.58 24.99 24.97 25.16 25.21 24.06 26.32 24.46 27.36 24.92 23.19 21.93 25.35 27.17 21.77 24.28 22.41 23.31 24.48 24.24 24.08 25.68 26.58 23.07 25.30 22.01 24.26 24.08 22.15 25.59 25.14 30.22 24.53 21.50 21.92 26.07 23.63 24.55 23.21 25.53 25.82 23.29 25.09 24.33 23.90 24.46 24.28 22.29 24.64 21.72 25.00 24.59 25.43 27.45 26.47 25.95 27.18 21.29 25.10 23.65 21.34 22.59 
24.41 24.59 23.25 21.98 25.71 23.27 21.93 22.60 24.98 22.51 22.66 24.80 24.60 19.39 21.82 20.81 20.27 22.26 22.45 22.17 23.77 24.99 26.92 23.30 26.02 22.09 25.43 25.06 25.54 25.09 22.15 25.45 24.41 25.28 25.36 24.75 23.46 23.05 23.45 24.32 23.95 24.25 24.38 23.76 23.99 22.92 25.24 25.93 22.32 24.52 24.55 24.07 23.29 23.71 22.82 20.13 23.57 23.52 24.22 25.04 24.83 22.29 24.94 22.86 24.81 23.06 23.23 23.12 25.01 27.65 22.90 23.15 21.35 24.89 24.17 23.40 23.19 25.27 24.37 23.28 22.68 22.90 22.43 24.20 23.56 22.36 25.94 21.71 25.44 21.54 23.21 26.05 27.33 23.77 24.74 18.69 24.87 24.09 18.30 22.54 
25.85 25.02 23.01 23.04 25.30 24.05 20.36 21.75 22.73 23.24 22.05 22.03 24.82 19.86 23.63 22.82 20.44 22.72 23.62 22.47 23.15 22.75 27.62 22.65 26.13 21.22 24.84 24.74 21.80 24.44 22.61 24.56 23.72 25.22 26.02 24.09 22.72 24.69 24.17 24.01 24.64 25.70 24.40 22.94 26.79 23.35 25.50 23.60 23.14 23.53 23.35 24.58 22.46 21.88 23.08 21.09 23.83 23.12 24.95 24.99 26.78 21.92 24.93 24.06 24.53 24.81 22.49 23.67 24.28 28.31 26.03 22.18 21.23 26.69 23.47 23.82 23.69 24.07 24.82 23.26 23.83 22.15 22.61 21.80 23.82 22.26 26.07 22.89 25.35 24.30 23.36 26.95 26.43 24.66 24.91 19.81 26.05 22.71 20.27 23.01 
26.01 24.32 22.57 23.72 24.91 23.58 21.20 21.70 23.73 22.78 22.26 23.41 27.56 19.34 22.39 22.66 21.08 23.06 23.42 22.78 22.10 24.61 25.59 22.63 24.62 21.41 25.23 25.58 22.46 24.35 23.56 23.59 25.14 25.60 25.49 23.54 25.20 23.42 23.86 25.53 22.89 24.85 24.23 24.25 26.18 23.41 26.91 23.79 24.11 23.91 24.36 25.85 22.94 22.64 23.05 23.08 23.86 23.66 24.52 26.36 25.29 21.79 23.80 21.58 25.99 24.41 22.60 22.62 23.38 28.95 24.24 22.03 21.41 25.89 23.83 22.06 23.06 25.61 25.06 23.57 23.24 23.01 23.29 24.76 24.10 22.39 24.67 22.84 26.48 23.64 23.63 27.50 26.20 25.53 26.23 21.35 27.10 21.50 21.43 23.49 
27.30 26.14 24.63 24.95 27.63 25.46 21.91 22.91 25.37 24.51 23.84 26.94 28.35 21.93 24.12 25.53 23.70 25.89 24.37 24.52 24.95 27.35 28.82 26.08 26.76 23.45 27.42 26.33 25.75 27.47 25.57 29.07 25.73 27.09 28.31 25.61 26.79 26.10 24.74 26.24 25.51 26.95 26.38 24.81 26.96 24.18 27.96 26.66 25.53 25.24 25.34 28.08 24.31 26.09 25.96 24.18 24.62 25.57 26.33 28.92 28.20 26.59 26.01 25.50 26.59 26.45 24.15 25.63 25.46 30.45 24.58 24.06 23.71 30.49 26.38 26.10 25.86 27.12 26.87 24.98 26.09 25.53 24.93 27.61 25.68 22.64 27.07 25.78 28.25 25.76 25.04 30.49 28.40 26.50 27.88 21.75 27.66 24.97 22.11 25.11 
24.71 25.44 23.18 23.59 26.00 25.09 21.35 22.08 23.42 21.36 22.91 24.55 26.49 20.26 21.10 23.41 21.58 22.61 23.11 24.75 23.43 26.82 27.42 24.85 25.22 21.37 26.66 24.53 23.15 25.05 22.57 25.66 24.92 27.22 25.02 24.85 23.67 25.27 23.53 23.39 22.98 25.62 24.56 24.45 25.32 24.03 25.62 23.56 23.02 23.75 24.74 26.25 23.29 24.26 22.85 21.92 22.95 22.33 23.38 24.67 26.07 21.98 23.88 22.31 25.34 24.79 23.93 25.12 24.02 28.17 22.95 21.62 22.95 25.86 23.81 21.97 24.30 25.52 26.04 24.02 23.80 22.69 24.07 25.00 24.13 21.78 26.13 22.70 25.77 23.48 23.13 28.08 25.53 25.55 25.98 21.61 26.37 23.69 21.65 22.64 
24.55 24.91 22.50 21.97 24.33 23.73 20.08 22.71 23.38 22.50 22.90 24.98 25.79 18.97 22.89 23.47 20.20 23.36 22.60 21.92 21.31 24.31 25.53 22.98 23.86 21.33 25.89 24.62 23.11 23.36 22.59 25.95 23.59 25.05 24.46 22.35 23.19 22.31 23.04 23.43 24.57 26.50 22.81 24.00 23.73 21.98 25.92 23.94 22.26 23.96 23.46 25.67 22.91 22.51 22.28 21.19 23.80 24.64 22.59 25.18 26.46 22.49 25.01 24.27 25.14 23.21 22.55 23.21 22.64 27.73 22.94 20.80 21.61 25.52 25.39 23.52 23.73 23.89 24.47 21.83 23.75 22.38 22.04 23.60 22.47 20.86 24.25 22.16 23.97 24.58 22.59 26.50 24.29 26.24 25.53 20.14 25.08 24.12 21.30 21.98 
30.26 30.58 26.98 29.43 28.84 27.94 24.81 25.36 29.00 26.58 27.36 29.86 30.47 24.28 26.58 28.30 24.82 24.63 28.80 27.10 28.69 29.59 32.12 26.61 30.34 26.15 28.94 29.15 28.38 30.11 26.63 30.07 27.38 29.72 29.61 28.32 26.60 29.53 27.27 27.76 28.51 29.61 29.49 27.34 29.97 26.78 29.91 28.85 27.35 27.67 29.07 29.99 26.71 27.83 28.59 25.31 27.81 28.06 27.79 29.72 30.35 26.11 28.60 27.87 29.35 30.03 26.66 27.51 29.19 32.83 28.47 26.57 26.47 31.73 29.91 27.96 28.06 29.36 29.66 28.33 27.06 26.40 26.26 29.37 28.39 25.23 29.42 28.33 31.10 27.51 27.24 33.70 30.85 29.18 30.14 23.71 30.05 28.12 24.31 26.41 
27.54 27.50 26.19 26.15 28.33 27.78 24.60 25.25 26.78 27.16 26.06 27.42 29.39 22.77 25.83 26.38 22.19 26.19 24.99 25.06 26.32 26.56 30.94 26.11 28.15 24.02 29.14 28.33 26.32 27.63 26.76 29.06 25.20 27.45 29.47 25.56 27.23 27.87 25.78 27.60 26.93 28.11 27.54 26.32 28.43 25.40 29.21 26.33 26.53 27.42 27.33 30.65 25.72 26.89 26.26 22.48 26.06 26.07 26.71 27.44 28.84 24.59 28.04 25.32 28.00 28.33 26.34 26.62 27.01 32.78 26.59 24.90 24.82 28.28 29.09 27.18 26.76 26.80 28.35 26.66 26.48 26.14 25.57 27.68 27.30 24.00 28.27 26.39 29.25 26.01 26.98 30.47 29.43 28.88 27.93 23.95 29.39 26.23 25.04 25.25 
25.43 26.18 22.41 24.32 26.51 24.46 20.54 21.68 24.61 21.99 22.81 26.21 27.63 20.89 22.45 24.63 20.93 22.88 23.23 23.99 24.53 25.41 27.85 23.02 26.37 22.73 26.12 25.77 24.09 25.48 22.61 27.79 24.54 26.08 27.50 24.90 26.43 25.23 23.16 24.85 25.04 25.36 25.09 24.07 25.75 23.56 26.90 24.46 24.05 23.97 23.95 27.95 23.97 24.16 21.57 22.48 24.19 24.84 23.79 27.39 26.80 22.24 24.58 23.45 24.86 23.80 23.50 24.14 26.08 29.21 24.05 24.56 21.85 26.53 24.19 24.46 24.30 24.85 25.62 24.63 24.48 24.40 21.53 24.95 23.58 22.18 25.02 24.09 26.72 23.81 23.13 28.34 27.56 25.52 27.29 21.19 25.07 24.40 22.02 23.17 
22.00 24.63 21.05 22.81 22.61 22.74 20.52 20.26 22.56 22.01 20.22 23.23 24.87 19.26 21.45 20.51 20.70 20.72 21.16 21.39 22.93 23.96 24.94 21.76 24.92 22.20 23.47 24.78 21.46 23.76 22.22 24.17 23.62 23.36 24.74 22.04 21.93 22.62 20.69 21.09 22.00 22.99 21.89 23.44 24.91 22.08 24.09 23.48 22.80 23.01 24.14 25.98 21.49 22.27 23.49 21.00 23.03 23.40 21.65 24.34 23.81 21.04 24.03 21.29 24.05 23.74 21.04 21.90 24.17 25.43 22.77 20.83 21.16 24.13 23.59 21.91 21.34 23.92 22.55 22.35 20.61 22.36 20.59 23.86 22.97 22.01 22.51 21.34 24.24 21.72 22.93 23.64 24.94 23.68 25.89 19.52 23.82 23.13 20.51 19.85 
